1．将净利润调节为经营活动现金流量：
净利润 7,336,515,945.30 5,606,597,995.32
加：资产减值准备 908,716,160.49 396,684,743.91
信用减值损失 -18,121,424.78 26,362,011.94
固定资产折旧、油气资产折耗、生产性生物资产折旧 206,667,124.10 189,642,372.84
使用权资产摊销
无形资产摊销 107,267,183.16 106,187,697.85
长期待摊费用摊销 201,692,887.30 172,154,294.48
处置固定资产、无形资产和其他长期资产的损失（收益以“－”号填列） 54,790.24 166,984.80
固定资产报废损失（收益以“－”号填列） 349,840.09 803,709.10
公允价值变动损失（收益以“－”号填列）
财务费用（收益以“－”号填列） 332,749,731.76 -77,748,661.62
投资损失（收益以“－”号填列） -15,864,488.91 -965,284,869.02
递延所得税资产减少（增加以“－”号填列） -1,035,475,655.97 -108,612,317.19
递延所得税负债增加（减少以“－”号填列） -22,519,956.55 -23,656,188.83
存货的减少（增加以“－”号填列） -6,677,051,930.27 -2,657,439,243.34
经营性应收项目的减少（增加以“－”号填列） 122,646,409.52 -756,758,262.75
经营性应付项目的增加（减少以“－”号填列） 6,754,638,515.81 1,212,271,342.55
其他
经营活动产生的现金流量净额 8,202,265,131.29 3,121,371,610.04
2．不涉及现金收支的重大投资和筹资活动：
债务转为资本
一年内到期的可转换公司债券
融资租入固定资产
3．现金及现金等价物净变动情况：
现金的期末余额 14,656,396,439.79 11,981,731,726.13
减：现金的期初余额 11,981,731,726.13 11,135,029,476.59
加：现金等价物的期末余额
减：现金等价物的期初余额
现金及现金等价物净增加额 2,674,664,713.66 846,702,249.54