1．将净利润调节为经营活动现金流量：
净利润 6,188,249,974.43 12,364,634,623.73
加：资产减值准备 590,688,510.46 498,929,878.99
信用减值损失 -7,157,991.73 23,316,922.45
固定资产折旧、油气资产折耗、生产性生物资产折旧 213,844,691.94 191,846,175.88
使用权资产摊销 865,338,842.01 1,042,184,779.45
无形资产摊销 52,994,643.87 43,823,166.86
长期待摊费用摊销 305,129,779.97 244,083,125.75
处置固定资产、无形资产和其他长期资产的损失（收益以“－”号填列） -9,088,962.47 -1,247,186.49
固定资产报废损失（收益以“－”号填列） 10,619.76 422,641.69
公允价值变动损失（收益以“－”号填列）
财务费用（收益以“－”号填列） 86,012,840.24 206,025,763.26
投资损失（收益以“－”号填列） -162,493,703.34 -162,330,343.26
递延所得税资产减少（增加以“－”号填列） 103,736,060.41 390,329,924.53
递延所得税负债增加（减少以“－”号填列） -6,732,033.05 -19,150,787.03
存货的减少（增加以“－”号填列） -8,792,470,521.13 -5,490,604,302.03
经营性应收项目的减少（增加以“－”号填列） -426,448,053.22 -446,576,341.32
经营性应付项目的增加（减少以“－”号填列） -2,416,860,039.47 -556,863,309.46
其他
经营活动产生的现金流量净额 -3,415,245,341.32 8,328,824,733.00
2．不涉及现金收支的重大投资和筹资活动：
债务转为资本
一年内到期的可转换公司债券
融资租入固定资产
3．现金及现金等价物净变动情况：
现金的期末余额 25,762,143,186.64 16,656,542,375.48
减：现金的期初余额 16,656,542,375.48 14,658,688,380.73
加：现金等价物的期末余额
减：现金等价物的期初余额
现金及现金等价物净增加额 9,105,600,811.16 1,997,853,994.75