一、经营活动产生的现金流量：: 0.0000,0.0000,0.0000,0.0000
销售商品、提供劳务收到的现金: 580.6960,713.7895,558.9434,498.7041
收到的税费返还: 16.5480,0.6234,0.3202,0.0345
收到其他与经营活动有关的现金: 16.2478,9.9476,10.4813,5.8921
经营活动现金流入小计: 613.4918,724.3606,569.7449,504.6307
购买商品、接受劳务支付的现金: 479.9535,494.8361,372.5614,266.0996
支付给职工及为职工支付的现金: 31.9936,31.1950,25.5497,24.4663
支付的各项税费: 85.7431,55.1579,42.8543,25.8454
支付其他与经营活动有关的现金: 49.9541,59.8833,46.7700,157.0057
经营活动现金流出小计: 647.6443,641.0724,487.7354,473.4170
经营活动产生的现金流量净额: -34.1525,83.2882,82.0095,31.2137
二、投资活动产生的现金流量：: 0.0000,0.0000,0.0000,0.0000
收回投资收到的现金: 0.0000,0.0000,10.0000,5.0000
取得投资收益收到的现金: 0.5909,0.2364,0.2610,0.3155
处置固定资产、无形资产和其他长期资产收回的现金净额: 0.0464,0.0165,0.0034,0.0070
处置子公司及其他营业单位收到的现金净额: 0.0000,0.0000,0.0000,3.6061
收到其他与投资活动有关的现金: 0.0000,0.0000,0.0000,4.9206
投资活动现金流入小计: 0.6373,0.2529,10.2643,13.8492
购建固定资产、无形资产和其他长期资产支付的现金: 29.9538,21.5485,12.3372,15.1617
投资支付的现金: 8.7500,0.6150,15.4151,5.0000
取得子公司及其他营业单位支付的现金净额: 0.0000,1.2648,20.6531,0.0000
投资活动现金流出小计: 38.7038,23.4283,48.4053,20.1617
投资活动产生的现金流量净额: -38.0665,-23.1753,-38.1410,-6.3125
三、筹资活动产生的现金流量：: 0.0000,0.0000,0.0000,0.0000
吸收投资收到的现金: 161.2068,0.5145,0.3920,0.1845
其中：子公司吸收少数股东投资收到的现金: 0.3920,0.5145,0.3920,0.1845
取得借款收到的现金: 40.1000,0.0000,2.5512,0.1260
收到其他与筹资活动有关的现金: 1.3824,0.2638,0.2566,0.2229
筹资活动现金流入小计: 202.6892,0.7783,3.1998,0.5334
偿还债务支付的现金: 0.0000,0.0000,0.0000,0.6038
分配股利、利润或偿付利息支付的现金: 36.7615,34.3086,16.5837,16.5087
其中：子公司支付给少数股东的股利、利润: 7.3294,14.5993,2.4443,5.6193
支付其他与筹资活动有关的现金: 11.3821,4.6402,0.4441,0.7091
筹资活动现金流出小计: 48.1435,38.9488,17.0279,17.8216
筹资活动产生的现金流量净额: 154.5456,-38.1704,-13.8281,-17.2882
四、汇率变动对现金及现金等价物的影响: 8.7294,-1.9639,-3.3069,0.8540
五、现金及现金等价物净增加额: 91.0560,19.9785,26.7335,8.4670
加：期初现金及现金等价物余额: 166.5654,146.5869,119.8534,111.3503
六、期末现金及现金等价物余额: 257.6214,166.5654,146.5869,119.8173