流动资产：: 0.0000,0.0000,0.0000,0.0000
货币资金: 268.9170,168.5620,147.1323,124.8603
应收账款: 1.5130,1.0599,1.2873,1.5144
预付款项: 3.9817,3.4799,2.5560,3.8319
其他应收款: 8.6236,8.3953,8.6727,9.3267
其中：应收利息: 0.0000,0.0000,0.0000,0.4318
应收股利: 0.0150,0.0150,0.0150,0.0000
存货: 279.2648,197.2470,147.3302,89.6469
其他流动资产: 9.7547,6.6729,2.8104,1.9739
流动资产合计: 572.0548,385.4169,309.7890,231.1541
非流动资产：: 0.0000,0.0000,0.0000,0.0000
长期股权投资: 19.7010,9.9169,7.9126,2.5469
投资性房地产: 13.8713,11.9681,12.8117,13.8528
固定资产: 54.3401,18.4330,15.9089,16.8422
在建工程: 18.5228,28.8994,12.3318,4.0370
使用权资产: 20.8655,42.8221,0.0000,0.0000
无形资产: 24.5804,24.0132,24.4876,25.0652
开发支出: 0.0188,0.0000,0.0000,0.0000
商誉: 8.2246,8.2246,8.2246,8.2246
长期待摊费用: 11.0165,8.1248,7.1731,6.4779
递延所得税资产: 10.1781,11.2155,15.1188,4.7640
其他非流动资产: 5.7022,5.7027,5.5185,5.2770
非流动资产合计: 187.0212,169.3203,109.4875,87.0875
资产总计: 759.0760,554.7373,419.2765,318.2416
流动负债：: 0.0000,0.0000,0.0000,0.0000
短期借款: 19.3223,4.1134,4.1736,2.2395
应付票据: 0.1884,0.0000,0.0000,0.0000
应付账款: 76.5978,58.7991,43.2674,36.4130
预收款项: 0.1311,0.0891,0.0567,1.3630
合同负债: 15.0615,13.7164,9.0571,0.0000
应付职工薪酬: 4.0898,4.1141,4.1302,6.2491
应交税费: 27.8528,47.2249,36.7133,16.3684
其他应付款: 24.5394,27.7526,59.2290,21.3980
其中：应付利息: 0.0000,0.0000,0.0000,0.0068
应付股利: 0.0210,0.0210,0.1997,0.5314
一年内到期的非流动负债: 6.7535,15.4549,0.0000,0.0000
其他流动负债: 0.2667,0.0970,0.0000,0.0000
流动负债合计: 174.8032,171.3613,156.6272,84.0309
非流动负债：: 0.0000,0.0000,0.0000,0.0000
长期借款: 25.0897,0.0000,0.0000,0.0000
租赁负债: 17.3768,34.8652,0.0000,0.0000
长期应付职工薪酬: 0.0109,0.0101,0.0192,0.0223
预计负债: 0.0000,0.0000,0.0000,0.5137
递延收益: 0.0362,0.0343,0.0318,3.1629
递延所得税负债: 0.4851,0.5524,0.7439,0.9691
非流动负债合计: 42.9987,35.4620,0.7950,4.6680
负债合计: 217.8019,206.8234,157.4222,88.6989
所有者权益（或股东权益）：: 0.0000,0.0000,0.0000,0.0000
实收资本（或股本）: 20.6886,19.5248,19.5248,19.5248
资本公积: 174.8640,18.7030,19.8957,40.4738
其他综合收益: 5.1866,-6.0179,-3.2429,1.2459
盈余公积: 10.5099,10.5099,10.5099,10.4981
未分配利润: 274.4850,253.4683,176.4556,129.1349
归属于母公司所有者权益（或股东权益）合计: 485.7340,296.1880,223.1430,200.8774
少数股东权益: 55.5401,51.7260,38.7113,28.6652
所有者权益（或股东权益）合计: 541.2741,347.9139,261.8543,229.5426
负债和所有者权益（或股东权益）总计: 759.0760,554.7373,419.2765,318.2416