一、经营活动产生的现金流量：

销售商品、提供劳务收到的现金

133,594,145,427.82
121,968,369,864.72

客户存款和同业存放款项净增加额




向中央银行借款净增加额




向其他金融机构拆入资金净增加额




收到原保险合同保费取得的现金




收到再保业务现金净额




保户储金及投资款净增加额




收取利息、手续费及佣金的现金

138,497,570.87
82,093,338.02

拆入资金净增加额




回购业务资金净增加额




代理买卖证券收到的现金净额




收到的税费返还

823,015,023.18


收到其他与经营活动有关的现金
七(79) 1
3,262,211,426.80
2,201,353,118.89

经营活动现金流入小计

137,817,869,448.67
124,251,816,321.63

购买商品、接受劳务支付的现金

102,919,611,376.26
91,182,462,634.21

客户贷款及垫款净增加额




存放中央银行和同业款项净增加额




支付原保险合同赔付款项的现金




拆出资金净增加额




支付利息、手续费及佣金的现金




支付保单红利的现金




支付给职工及为职工支付的现金

13,974,100,667.57
11,044,346,055.03

支付的各项税费

6,008,849,257.30
5,075,396,935.42

支付其他与经营活动有关的现金
七(79) 2
1,494,987,567.18
1,422,091,016.90

经营活动现金流出小计

124,397,548,868.31
108,724,296,641.56

经营活动产生的现金流量净额

13,420,320,580.36
15,527,519,680.07

二、投资活动产生的现金流量：

收回投资收到的现金

728,558,242.98
133,831,786.46

取得投资收益收到的现金

61,406,043.86
188,141,015.29

处置固定资产、无形资产和其他长期资产收回的现 金净额

696,426,567.37
38,776,901.15

处置子公司及其他营业单位收到的现金净额




收到其他与投资活动有关的现金
七(79) 3

23,333,498.91

投资活动现金流入小计

1,486,390,854.21
384,083,201.81

购建固定资产、无形资产和其他长期资产支付的现金

6,646,107,588.62
6,682,734,083.34

投资支付的现金

7,014,808,033.26
979,303,125.15

质押贷款净增加额




取得子公司及其他营业单位支付的现金净额
七(80) 2
7,143,217,362.72
518,094,853.57

支付其他与投资活动有关的现金
七(79) 4
195,970,287.53
934,631.07

投资活动现金流出小计

21,000,103,272.13
8,181,066,693.13

投资活动产生的现金流量净额

-19,513,712,417.92
-7,796,983,491.32

三、筹资活动产生的现金流量：

吸收投资收到的现金

166,334,665.39
12,255,149,968.65

其中：子公司吸收少数股东投资收到的现金

166,334,665.39
207,900,000.00

取得借款收到的现金

245,566,096,240.97
126,938,201,416.32

收到其他与筹资活动有关的现金
七(79) 5

635,938,674.88

筹资活动现金流入小计

245,732,430,906.36
139,829,290,059.85

偿还债务支付的现金

228,895,850,615.32
121,957,518,414.80

分配股利、利润或偿付利息支付的现金

7,500,453,086.00
5,692,805,056.36

其中：子公司支付给少数股东的股利、利润

181,669,733.86
21,087,729.69

支付其他与筹资活动有关的现金
七(79) 6
554,882,055.06
233,759,988.32

筹资活动现金流出小计

236,951,185,756.38
127,884,083,459.48

筹资活动产生的现金流量净额

8,781,245,149.98
11,945,206,600.37

四、汇率变动对现金及现金等价物的影响

-579,925,770.51
-28,810,602.96

五、现金及现金等价物净增加额

2,107,927,541.91
19,646,932,186.16

加：期初现金及现金等价物余额

31,080,499,503.05
11,433,567,316.89

六、期末现金及现金等价物余额

33,188,427,044.96
31,080,499,503.05
