1．将净利润调节为经营活动现金流量：: 0.0000,0.0000,0.0000,0.0000
净利润: 61.8825,123.6463,73.3637,56.0660
加：资产减值准备: 5.9069,4.9893,9.0872,3.9668
信用减值损失: -0.0716,0.2332,-0.1812,0.2636
固定资产折旧、油气资产折耗、生产性生物资产折旧: 2.1384,1.9185,2.0670,1.8964
使用权资产摊销: 8.6534,10.4218,0.0000,0.0000
无形资产摊销: 0.5299,0.4382,1.0727,1.0619
长期待摊费用摊销: 3.0513,2.4408,2.0169,1.7215
处置固定资产、无形资产和其他长期资产的损失（收益以“－”号填列）: -0.0909,-0.0125,NaN,0.0017
固定资产报废损失（收益以“－”号填列）: 0.0001,0.0042,0.0035,0.0080
财务费用（收益以“－”号填列）: 0.8601,2.0603,3.3275,-0.7775
投资损失（收益以“－”号填列）: -1.6249,-1.6233,-0.1586,-9.6528
递延所得税资产减少（增加以“－”号填列）: 1.0374,3.9033,-10.3548,-1.0861
递延所得税负债增加（减少以“－”号填列）: -0.0673,-0.1915,-0.2252,-0.2366
存货的减少（增加以“－”号填列）: -87.9247,-54.9060,-66.7705,-26.5744
经营性应收项目的减少（增加以“－”号填列）: -4.2645,-4.4658,1.2210,-7.5676
经营性应付项目的增加（减少以“－”号填列）: -24.1686,-5.5686,67.5399,12.1227
经营活动产生的现金流量净额: -34.1525,83.2882,82.0095,31.2137
2．不涉及现金收支的重大投资和筹资活动：: 0.0000,0.0000,0.0000,0.0000
3．现金及现金等价物净变动情况：: 0.0000,0.0000,0.0000,0.0000
现金的期末余额: 257.6214,166.5654,146.5869,119.8173
减：现金的期初余额: 166.5654,146.5869,119.8534,111.3503
现金及现金等价物净增加额: 91.0560,19.9785,26.7335,8.4670