1．将净利润调节为经营活动现金流量：
净利润 12,364,634,623.73 7,336,371,241.08
加：资产减值准备 498,929,878.99 908,716,160.49
信用减值损失 23,316,922.45 -18,121,424.78
固定资产折旧、油气资产折耗、生产性生物资产折旧 191,846,175.88 206,696,527.07
使用权资产摊销 1,042,184,779.45 0
无形资产摊销 43,823,166.86 107,267,183.16
长期待摊费用摊销 244,083,125.75 201,692,887.30
处置固定资产、无形资产和其他长期资产的损失（收益以“－”号填列）  -1,247,186.49 54,790.24
固定资产报废损失（收益以“－”号填列） 422,641.69 350,008.81
公允价值变动损失（收益以“－”号填列）
财务费用（收益以“－”号填列） 206,025,763.26 332,749,731.76
投资损失（收益以“－”号填列） -162,330,343.26 -15,864,488.91
递延所得税资产减少（增加以“－”号填列） 390,329,924.53 -1,035,475,655.97
递延所得税负债增加（减少以“－”号填列） -19,150,787.03 -22,519,956.55
存货的减少（增加以“－”号填列） -5,490,604,302.03 -6,677,051,930.27
经营性应收项目的减少（增加以“－”号填列） -446,576,341.32 122,098,116.07
经营性应付项目的增加（减少以“－”号填列） -556,863,309.46 6,753,985,706.40
其他
经营活动产生的现金流量净额 8,328,824,733.00 8,200,948,895.90
2．不涉及现金收支的重大投资和筹资活动：
债务转为资本
一年内到期的可转换公司债券
融资租入固定资产
3．现金及现金等价物净变动情况：
现金的期末余额 16,656,542,375.48 14,658,688,380.73
减：现金的期初余额 14,658,688,380.73 11,985,339,902.46
加：现金等价物的期末余额
减：现金等价物的期初余额
现金及现金等价物净增加额 1,997,853,994.75 2,673,348,478.27